50
93
34
39
36
50
94
64
44
41
5
74
52
46
99
78
29
93
59
10
51
70
72
22
13
49
40
17
37
83
48
70
79
28
91
20
86
26
19
25
89
34
27
39
94
87
90
75
60
24
91
4
84
92
18
74
6
100
17
62
21
25
3
75
100
28
9
44
12
60
58
37
50
48
73
2
41
2
56
29
79
6
50
92
66
64
34
35
67
35
64
49
12
38
95
64
5
36
83
5
87
68
85
55
32
38
38
5
45
100
96
24
47
35
65
66
39
40
4
97
84
11
76
69
28
21
79
44
36
13
47
3
67
48
68
66
5
53
50
38
95
33
67
77
79
11
96
88
55
50
91
3
30
52
53
26
84
1
10
52
154
83
92
71
34
31
58
53
12
46
77
5
65
74
48
57
61
94
75
80
67
34
0
59
13
27
24
19
51
43
91
88
61
24
25
40
8
51
60
6
83
21
43
50
74
79
17
47
19
15
36
34
53
9
68
75
42
70
13
78
90
91
46
33
74
11
93
16
57
74
75
10
46
0
27
13
33
33
78
85
51
28
87
53
68
2
34
61
57
79
33
68
54
56
71
71
26
70
46
3
84
77
87
14
30
78
0
47
93
80
97
82
84
26
74
99
78
18
75
75
39
48
29
28
68
28
86
74
44
97
30
20
37
10
14
92
57
93
31
100
7
12
17
7
45
85
61
53
68
98
37
82
92
31
96
115
28
43
14
23
90
36
9
18
66
13
34
34
90
1
10
46
17
39
86
0
33
72
76
3
70
21
92
91
80
14
44
40
55
29
32
54
12
75
13
21
19
66
92
4
83
24
19
94
56
79
59
62
47
22
100
7
48
46
64
92
17
65
22
59
28
3
6
84
5
9
4
27
18
27
36
86
83
84
24
40
78
69
6
62
65
78
16
39
98
37
93
9
15
29
52
35
21
97
9
21
62
97
46
20
56
48
87
27
74
57
98
38
51
49
36
85
98
67
43
36
78
69
0
11
84
46
60
3
79
5
29
77
30
52
76
35
85
13
76
79
64
100
91
73
27
3
85
27
50
86
6
83
95
59
63
87
25
3
69
14
70
96
66
6
65
22
37
10
18
55
93
60
68
20
93
24
28
0
100
73
99
51
19
47
35
84
78
56
46
10
32
96
26
68
16
25
57
90
88
6
37
58
9
41
65
43
1
26
25
26
4
56
30
33
73
4
96
98
4
92
100
92
83
77
52
32
5
4
60
35
71
55
76
53
75
12
77
92
92
100
45
0
73
42
73
80
52
45
59
67
81
84
94
80
6
70
49
91
70
90
151
21
69
23
23
88
76
67
52
16
62
94
68
68
37
86
61
1
49
0
54
18
29
77
64
70
33
91
18
3
66
93
42
15
10
54
93
36
43
69
72
35
14
97
81
21
81
79
28
0
78
78
95
54
0
26
72
0
63
16
70
99
69
3
59
93
35
2
60
95
38
60
42
19
49
27
72
20
89
88
55
77
98
74
34
8
60
37
35
7
57
28
58
13
52
10
70
79
20
65
3
60
90
33
46
6
33
61
87
89
28
84
26
41
19
38
92
37
89
9
57
4
62
65
46
42
68
42
81
86
39
50
15
47
1
6
28
39
12
26
36
97
2
44
56
13
57
59
99
99
81
7
188
19
30
67
100
87
93
89
1
19
85
63
28
66
56
87
97
68
39
60
50
88
90
21
92
15
73
72
2
88
15
17
76
85
30
50
29
40
3
85
2
47
88
67
79
62
8
19
34
93
81
40
52
58
73
32
20
66
53
53
27
57
5
99
80
100
72
81
54
20
5
85
87
18
94
47
94
36
5
96
52
60
86
74
16
67
56
78
23
62
90
93
10
26
73
4
43
9
76
13
97
84
18
56
66
76
53
72
56
53
34
47
81
33
13
20
28
69
34
48
66
13
75
17
46
62
29
17
95
34
9
46
63
61
21
78
3
73
5
100
56
34
86
71
70
98
45
87
78
4
75
72
87
22
75
27
19
29
30
85
40
58
71
83
44
16
9
67
11
76
34
56
17
87
44
90
40
6
4
9
8
98
91
80
51
34
36
3
19
55
73
23
65
68
49
4
9
86
95
11
77
1
45
71
23
53
76
25
44
60
12
19
78
80
58
1
66
54
16
26
17
28
29
80
21
88
84
56
15
38
41
59
87
76
41
57
88
93
22
36
67
67
13
7
35
71
70
29
72
100
62
85
44
51
45
18
90
45
33
87
31
88
25
88
98
47
27
84
20
7
83
19
43
94
20
50
94
57
34
4
47
38
60
63
37
4
94
83
23
67
16
45
8
95
19
24
99
56
22
1
72
82
95
100
29
71
44
68
7
82
61
51
66
41
75
90
89
110
74
57
27
63
34
4
95
45
94
98
73
29
97
37
19
52
59
1
45
15
81
35
30
65
19
33
33
67
100
36
10
38
15
34
13
27
60
62
86
46
76
56
39
49
98
17
9
25
20
67
68
52
21
49
29
43
46
47
58
29
21
73
4
30
13
40
83
73
67
68
84
36
53
34
7
60
81
5
39
95
1
75
69
71
71
33
14
39
63
32
79
74
46
78
46
71
1
43
20
97
68
29
41
60
32
58
67
4
78
81
67
8
71
51
20
55
13
92
77
69
73
1
28
71
85
89
89
40
71
10
9
68
6
67
57
7
27
45
53
83
46
64
20
5
10
43
100
4
93
88
27
59
95
77
94
9
6
19
94
51
50
57
92
98
6
62
53
45
85
65
25
21
87
82
23
42
34
8
108
90
94
54
69
45
69
42
74
93
97
66
6
38
91
88
99
27
9
38
24
83
26
6
13
8
8
32
30
100
4
38
51
66
68
3
37
33
81
26
100
18
26
34
60
19
99
11
61
97
48
82
82
1
82
4
39
87
40
9
4
3
14
23
41
100
14
9
96
87
91
58
71
89
0
34
2
10
41
41
48
14
41
14
27
60
53
50
39
22
2
91
55
31
34
29
89
29
69
18
7
67
74
17
19
95
22
9
66
132
9
13
70
0
24
97
50
43
74
4
14
30
70
84
37
53
0
47
12
82
29
36
92
100
17
60
13
98
21
35
6
13
78
64
73
21
0
80
8
61
100
50
66
18
74
62
8
90
74
85
15
79
96
79
42
30
65
5
36
37
98
93
41
7
95
43
94
70
57
82
25
14
86
93
38
85
75
49
50
43
47
46
100
60
50
23
22
76
52
83
3
9
43
45
68
95
14
85
71
29
46
89
88
61
22
97
22
62
75
49
60
51
50
82
34
93
40
100
58
78
45
58
18
66
20
17
86
13
95
52
55
14
55
19
1
52
53
6
5
10
78
27
48
99
60
23
56
36
29
98
96
60
7
100
64
16
82
42
68
65
85
3
83
100
74
18
81
23
88
66
43
45
99
3
92
31
81
32
95
78
33
81
17
49
17
58
17
19
198
14
30
98
98
0
38
59
93
55
6
43
81
85
30
81
26
25
1
5
80
76
58
10
1
80
71
88
57
52
78
3
51
82
28
47
46
33
59
70
38
17
63
30
32
51
15
33
72
41
38
98
82
99
71
41
14
41
27
32
45
67
53
51
57
36
29
40
95
9
59
78
55
4
93
43
73
54
80
26
1
56
22
70
81
67
74
97
33
94
37
6
100
16
43
77
84
16
98
99
14
92
70
9
66
42
41
59
71
81
20
46
64
68
93
84
37
74
39
49
6
79
35
79
23
96
61
72
55
41
30
5
89
63
93
54
64
22
87
97
30
4
95
69
64
31
14
56
38
36
77
57
88
76
0
44
21
92
2
9
69
31
7
59
81
11
89
33
61
14
53
23
6
93
96
15
96
18
12
68
68
37
21
58
78
66
10
63
75
51
100
63
17
96
100
84
16
77
30
63
16
99
40
53
5
97
46
32
48
25
38
61
69
26
32
3
84
25
18
17
35
60
13
25
47
67
1
76
75
22
67
94
91
30
70
32
7
71
36
32
82
25
95
56
9
54
65
45
23
17
20
10
68
61
91
11
2
0
24
54
5
29
25
158
99
71
6
18
58
20
87
79
64
20
78
5
54
52
98
84
21
7
71
17
57
90
57
65
1
31
44
37
21
23
10
40
94
22
79
91
1
65
11
8
10
86
69
46
91
55
78
78
75
2
73
25
61
29
21
53
80
75
0
32
98
31
33
99
22
22
51
57
64
64
7
40
17
71
22
38
61
94
19
62
77
49
93
67
84
21
30
9
30
55
52
14
25
49
63
12
14
69
98
16
76
42
7
73
21
60
11
50
43
1
64
16
68
94
33
20
6
14
68
41
97
94
72
96
58
57
22
100
13
63
86
10
29
33
64
100
78
40
94
91
14
89
79
67
15
69
82
64
3
56
6
16
94
94
82
79
32
56
110
1
37
76
19
52
26
1
32
12
72
61
1
70
10
49
41
46
59
59
95
18
54
64
28
35
47
95
60
100
19
42
57
25
52
54
52
95
62
77
93
14
0
64
5
78
86
1
0
48
23
78
97
17
98
69
94
82
88
60
74
21
89
37
80
84
79
3
58
66
94
34
22
31
42
93
45
68
46
71
3
57
14
58
38
95
5
16
1
16
95
80
3
100
3
73
84
28
39
100
60
83
91
42
52
77
45
87
27
49
79
115
44
90
47
1
29
39
87
12
95
35
7
2
3
72
2
6
97
28
40
34
69
83
14
12
38
55
87
50
96
90
32
41
63
51
82
4
100
89
87
70
95
69
3
12
80
94
41
68
47
92
65
19
4
75
14
40
56
8
70
68
11
30
84
20
83
12
4
93
95
77
19
83
37
37
18
65
5
36
5
27
99
62
79
25
22
99
85
73
3
94
4
24
1
35
96
56
32
52
71
65
96
77
12
74
53
33
61
90
70
57
79
79
60
64
18
115
26
66
26
1
57
0
92
8
45
100
57
99
71
81
28
28
17
41
97
77
38
90
19
100
78
20
96
4
21
84
91
17
59
36
30
17
90
69
86
29
44
10
7
67
57
56
74
50
57
92
22
83
60
75
43
97
81
62
43
59
18
45
40
50
82
56
89
92
42
24
71
33
90
36
41
41
62
49
83
94
37
91
48
7
30
20
17
38
2
20
61
35
76
33
48
87
76
91
24
24
79
63
37
13
25
29
11
57
21
1
66
16
92
97
52
69
66
82
11
20
80
23
62
28
64
60
29
67
89
37
88
79
69
25
80
48
87
42
45
63
25
71
24
34
62
57
93
92
14
2
91
21
1
37
67
86
32
77
62
73
74
94
61
58
4
15
48
20
15
96
8
2
72
48
29
25
60
2
5
9
98
28
69
93
3
195
57
29
21
87
100
10
55
14
81
42
56
28
2
51
0
39
19
74
36
29
59
93
5
58
83
61
19
63
93
99
57
80
41
61
25
5
87
18
18
57
100
42
65
60
67
83
51
60
88
67
16
88
42
54
79
27
40
81
39
47
60
36
73
81
45
31
100
79
78
94
91
55
53
26
38
77
79
82
22
61
61
31
33
71
46
42
98
25
56
47
95
36
70
83
22
64
38
10
4
95
42
49
0
72
92
38
53
58
64
53
6
10
13
7
62
45
10
96
93
63
39
33
22
51
83
45
65
83
12
80
84
48
8
45
24
45
93
60
49
74
23
19
15
75
20
0
33
29
88
87
6
18
96
42
65
95
58
19
5
75
23
7
56
50
0
14
11
9
98
5
74
72
92
13
34
68
35
6
44
54
59
29
9
87
44
17
43
5
12
25
96
100
44
51
43
196
34
31
42
98
27
54
95
31
66
71
36
84
32
33
1
0
40
8
56
94
25
54
58
67
2
84
49
27
45
92
37
95
47
68
52
97
13
39
83
53
57
6
44
22
14
17
16
3
4
37
51
28
43
78
19
45
26
96
77
7
46
40
4
98
65
30
81
73
4
21
68
34
3
74
98
11
22
26
26
61
65
94
65
27
78
68
64
85
52
58
23
32
27
38
29
79
80
13
35
59
42
72
87
3
62
14
53
97
0
28
24
76
14
27
13
57
11
51
57
43
23
86
72
96
73
84
87
67
89
70
33
82
12
90
36
58
28
10
7
93
34
33
32
42
57
14
33
44
87
27
41
49
36
76
72
40
61
54
89
22
45
23
73
34
8
75
59
0
74
9
51
26
72
68
76
69
26
45
90
13
39
100
82
31
9
45
11
64
54
22
65
64
20
40
30
62
129
54
67
52
94
17
43
67
54
59
66
22
29
26
59
26
87
28
29
43
8
45
72
98
81
27
22
80
6
22
7
80
28
76
98
75
14
67
59
66
85
65
21
50
25
75
43
22
74
18
18
55
36
31
78
81
63
66
77
57
23
71
56
12
16
7
73
14
97
18
43
7
1
25
39
24
48
85
86
60
16
37
4
4
77
91
11
94
24
33
93
94
76
65
91
68
96
68
20
83
54
75
92
86
81
19
50
57
13
72
98
28
62
77
76
62
15
73
29
46
12
25
0
32
38
35
39
25
73
77
127
56
3
64
98
10
67
9
81
41
24
97
87
3
8
69
56
3
95
41
99
28
28
80
77
42
70
37
23
15
21
7
67
6
59
95
13
41
89
90
99
43
2
81
60
38
2
9
44
4
79
6
97
23
29
12
22
93
87
30
35
83
15
54
31
22
90
50
29
94
93
89
78
42
29
74
29
23
81
46
59
34
7
11
73
52
32
55
44
90
10
36
20
71
98
32
37
44
36
97
36
69
46
29
88
75
22
18
18
96
1
4
50
5
81
56
16
91
7
1
43
10
11
27
29
74
85
82
154
15
51
100
40
61
2
81
95
46
93
53
57
25
53
50
81
44
97
50
95
92
58
94
89
67
66
1
86
35
35
77
46
43
27
68
0
7
11
70
17
35
36
73
60
54
24
44
34
49
1
6
73
72
70
79
33
95
23
41
25
1
98
42
51
31
41
38
95
72
40
66
11
0
8
21
77
100
44
98
59
55
76
90
69
2
99
0
86
65
64
47
57
54
94
52
54
71
33
70
55
78
91
21
18
6
18
61
55
20
78
80
82
25
6
1
90
87
1
48
27
63
36
43
91
4
66
39
89
57
48
73
92
70
84
51
37
98
77
72
6
79
1
33
56
86
82
64
12
64
3
29
51
39
72
184
17
71
14
81
90
12
25
51
27
74
66
56
52
29
39
78
15
44
17
61
99
66
98
32
13
38
99
66
26
12
30
88
37
96
11
71
74
67
58
92
32
39
3
3
70
66
57
16
5
92
66
59
31
35
98
11
35
13
91
12
56
12
65
42
24
27
34
14
97
57
59
27
31
78
57
0
41
69
20
26
19
46
3
35
41
10
91
97
11
60
22
45
30
27
61
0
54
28
80
93
63
79
43
68
98
79
43
25
26
91
42
78
52
68
62
40
6
72
17
68
28
21
36
15
12
86
88
67
51
17
39
10
75
17
40
48
16
51
71
72
68
45
35
83
99
50
91
76
1
81
26
29
99
33
68
44
72
74
34
8
34
27
90
68
57
7
77
25
21
37
20
35
7
89
98
39
96
41
100
13
27
21
87
16
155
92
71
9
66
38
88
36
78
30
91
63
53
68
99
54
62
67
86
42
36
61
59
20
88
65
46
37
31
31
4
53
15
99
99
14
88
58
22
37
26
1
63
21
89
66
91
37
34
56
69
88
48
13
11
65
64
10
26
65
29
69
95
29
64
93
17
24
70
78
73
88
10
67
53
37
98
98
3
80
53
45
81
76
89
70
5
15
84
40
72
91
53
74
86
41
18
99
97
74
76
25
81
98
96
94
58
100
30
2
79
63
61
82
6
88
51
98
53
27
86
26
73
7
50
86
38
17
46
92
48
67
84
42
4
17
99
93
13
70
60
33
31
59
30
48
30
47
51
24
31
85
82
3
95
90
52
10
2
76
69
74
98
65
66
68
25
87
51
94
18
58
55
66
96
3
35
84
81
29
26
73
54
68
52
18
68
17
27
55
11
11
85
24
9
3
3
45
71
6
27
46
77
27
1
90
95
82
42
120
76
29
99
19
74
6
98
10
21
34
75
24
85
87
11
29
53
88
11
28
0
57
53
82
20
67
6
3
16
82
31
59
46
40
71
46
99
68
46
60
12
38
63
86
87
22
51
33
69
77
100
87
33
3
79
26
78
51
8
23
84
55
35
29
4
76
20
91
54
18
84
69
34
84
93
65
60
41
1
14
63
24
78
44
89
68
96
46
95
71
23
57
72
33
54
42
10
69
21
43
76
81
68
52
9
17
38
82
38
97
62
98
5
38
89
66
18
30
90
19
66
89
48
36
20
96
25
36
30
89
25
2
36
35
73
21
99
12
88
19
23
53
80
45
11
2
91
76
20
25
33
20
19
57
80
6
31
100
56
82
59
81
82
5
56
40
3
47
50
67
33
92
92
21
73
93
72
22
56
18
43
71
68
92
51
4
25
176
15
45
47
15
54
75
78
9
100
71
44
84
46
19
31
68
12
60
83
90
20
4
16
67
70
80
84
2
21
16
79
14
34
51
13
12
29
98
80
87
48
84
98
45
95
45
6
31
85
18
54
74
26
72
34
44
25
49
38
91
5
75
60
17
59
67
24
5
56
63
48
1
42
66
40
11
45
26
76
6
89
76
34
22
29
97
96
61
79
56
65
84
48
65
58
13
100
17
31
85
86
66
78
4
74
85
49
3
88
25
45
23
49
77
87
50
48
4
9
50
98
34
31
83
93
81
60
84
26
67
14
5
99
10
28
24
9
80
92
33
82
89
81
31
39
52
58
64
11
54
55
75
26
51
45
76
46
74
99
91
35
96
81
32
32
77
78
68
23
86
93
81
23
30
80
51
132
41
90
83
28
88
77
62
76
43
19
29
52
47
25
56
46
66
31
33
29
59
36
20
54
65
15
10
12
95
52
18
35
61
75
79
30
44
85
65
14
62
40
9
74
69
77
42
74
51
44
98
78
39
66
100
40
46
82
35
1
9
28
18
64
85
43
5
33
42
10
79
3
41
42
4
68
69
45
75
45
21
17
25
46
25
48
33
26
59
11
53
44
48
5
36
11
74
11
0
17
46
98
54
61
57
56
64
84
54
13
30
7
18
22
9
32
14
66
84
77
64
91
55
10
60
84
58
90
54
31
24
29
163
59
75
34
18
61
26
43
61
45
64
46
99
31
12
98
40
93
7
55
49
65
23
94
88
40
92
0
36
76
51
41
43
84
87
67
82
62
60
60
22
52
82
76
40
63
5
49
49
44
96
32
45
46
52
81
38
58
4
57
72
52
50
52
22
54
76
11
26
82
60
100
4
11
8
29
37
64
47
92
56
0
4
10
58
55
8
49
4
1
47
24
76
83
19
51
51
40
47
28
30
38
38
67
92
20
34
75
38
37
73
27
50
4
90
69
58
55
10
73
72
53
98
99
39
99
27
65
54
22
45
79
34
21
31
98
3
45
18
94
58
37
97
80
76
23
36
19
40
76
67
64
97
88
44
48
30
74
72
8
57
73
50
31
110
31
74
67
46
84
19
26
31
67
96
53
85
63
97
31
65
48
21
31
87
61
72
26
13
14
44
11
95
34
42
55
63
60
85
16
3
1
84
55
89
92
87
73
70
96
19
26
54
96
73
51
61
84
7
8
85
96
26
92
11
9
55
22
79
52
100
51
51
77
86
18
86
0
32
84
68
85
63
25
94
48
13
13
21
38
82
78
52
52
30
60
55
84
41
67
0
94
14
49
56
3
47
11
67
92
38
82
61
91
41
149
6
93
29
72
81
70
74
45
18
91
53
76
55
2
65
30
46
41
19
23
21
45
37
52
65
48
71
24
35
89
79
95
57
99
81
53
5
55
79
56
31
90
83
47
62
93
66
84
30
24
73
49
67
66
39
87
84
72
45
60
38
83
63
99
56
84
59
23
0
89
10
46
80
78
85
86
74
2
36
41
57
41
69
85
69
1
45
69
87
26
89
30
81
10
34
43
85
47
29
9
40
47
8
3
50
23
38
30
37
5
43
73
79
35
23
64
1
95
84
50
44
84
14
88
81
27
61
65
87
56
21
47
16
8
93
92
14
5
72
80
52
64
43
27
56
83
14
31
70
164
52
18
5
12
68
21
55
62
1
65
17
53
1
9
68
72
7
56
87
72
78
42
89
42
1
76
92
43
32
42
61
72
86
55
85
86
29
28
29
5
99
10
74
71
91
70
99
51
13
83
24
92
48
89
12
65
61
16
48
0
88
59
16
68
60
22
20
85
22
37
8
2
37
22
50
39
41
25
3
70
38
2
44
27
31
8
23
62
40
14
35
49
96
80
23
36
80
85
27
25
60
68
25
31
9
20
33
15
51
94
36
37
35
4
7
86
24
57
83
30
33
56
72
8
40
97
76
78
91
90
67
16
31
8
86
60
65
14
64
29
68
57
54
95
23
75
89
32
81
66
41
6
93
97
63
83
50
94
72
26
70
97
5
50
182
2
82
61
71
69
59
53
37
89
23
15
50
69
47
68
78
68
52
76
19
69
100
8
9
33
58
86
82
42
41
46
81
46
79
79
61
60
18
63
29
40
30
87
96
71
78
31
8
55
98
66
22
25
32
15
18
39
83
41
70
84
96
11
70
93
35
82
40
0
68
96
64
91
29
81
3
3
66
88
82
40
37
11
77
4
9
17
67
50
1
4
46
2
75
69
68
40
73
36
73
15
66
46
98
17
49
51
86
66
87
6
64
34
88
56
66
72
9
88
47
21
22
7
54
6
19
56
49
84
40
26
90
75
86
60
99
62
71
39
33
64
62
65
8
24
54
85
32
36
40
93
17
53
68
9
37
98
76
1
19
0
32
21
94
1
54
9
10
31
46
69
37
85
8
89
64
27
55
8
17
46
30
54
19
72
35
4
69
29
44
56
61
51
82
74
32
71
44
56
3
87
24
36
3
7
46
19
48
19
30
76
52
11
96
67
8
30
18
86
4
52
31
24
35
18
39
33
27
60
34
13
61
58
1
83
29
35
67
63
22
76
13
23
85
93
15
26
31
12
57
15
41
3
100
60
10
61
91
32
44
55
57
50
91
54
88
41
53
8
18
83
91
6
68
89
70
98
15
89
21
11
28
23
77
55
39
34
80
67
44
77
91
52
70
74
45
70
89
81
81
2
4
92
77
78
138
81
78
97
60
17
52
72
32
68
0
2
6
94
17
16
100
12
94
100
4
13
9
65
26
8
65
36
5
67
99
12
44
80
76
33
51
2
2
23
62
16
61
34
56
48
26
53
61
31
54
7
57
14
93
72
68
88
52
93
65
62
81
7
91
20
54
86
65
6
70
17
66
58
100
36
82
53
100
9
68
59
26
17
70
91
45
19
17
60
45
74
14
44
91
26
8
69
40
98
64
9
91
55
99
68
46
8
49
87
78
72
23
67
72
41
86
5
51
60
74
100
99
55
42
17
72
80
1
23
48
89
42
41
76
65
30
17
56
69
54
11
94
4
79
14
34
57
33
80
42
49
39
35
76
3
35
41
90
59
1
85
16
39
31
80
33
97
67
33
97
34
8
4
46
18
30
59
32
23
0
12
95
17
51
10
16
71
74
63
41
52
58
80
33
18
75
46
54
7
75
79
30
18
15
35
95
68
97
165
45
79
53
72
29
2
7
82
33
73
37
9
37
72
48
24
38
30
67
6
78
10
2
44
33
74
87
65
21
81
10
55
2
56
78
63
22
94
98
2
63
57
25
4
16
35
18
29
72
100
90
35
41
5
6
17
40
62
50
54
11
84
95
1
98
46
49
55
2
78
62
76
81
61
0
35
30
30
43
55
93
34
74
100
34
4
1
48
37
89
17
44
8
13
65
65
42
72
77
20
31
51
57
38
69
80
38
49
63
0
98
71
13
61
46
18
66
0
88
61
55
0
80
82
18
82
51
1
43
25
24
21
83
22
93
78
0
60
84
81
74
91
85
44
32
5
13
85
3
61
93
71
7
28
23
59
75
82
2
6
35
69
46
11
88
105
78
82
24
35
37
93
81
66
10
28
70
66
15
79
91
87
23
72
1
25
20
21
45
77
98
47
2
20
13
58
70
91
23
86
59
40
93
22
20
70
11
69
66
58
73
44
28
77
82
79
72
92
47
86
85
48
18
85
59
27
26
17
8
75
44
24
100
58
60
38
50
73
77
5
49
80
83
66
40
86
27
77
0
42
69
17
85
50
75
33
21
43
75
56
6
74
83
3
49
85
28
11
40
14
69
64
16
75
51
19
55
33
99
58
46
52
26
29
68
30
79
26
34
70
69
7
7
81
81
66
16
86
72
23
86
62
66
50
37
18
19
20
15
44
77
85
7
84
4
32
23
51
63
96
56
5
75
68
82
78
89
31
40
61
84
44
70
44
92
90
171
67
51
53
3
35
96
11
62
91
70
56
90
84
3
34
20
1
6
25
47
88
49
45
41
68
42
80
60
90
28
3
83
2
49
73
29
37
40
92
9
99
36
51
91
74
83
77
100
61
16
45
36
95
74
88
55
40
58
90
89
45
12
82
24
43
94
92
8
66
95
15
8
28
78
9
54
63
83
66
59
33
95
77
22
22
81
71
48
44
21
17
88
29
82
4
5
19
16
43
4
52
12
50
80
84
33
27
9
73
30
66
16
31
39
17
12
18
71
29
32
21
48
58
73
73
62
82
33
54
52
17
55
86
78
25
26
88
97
49
45
10
6
55
61
94
88
99
75
50
15
14
69
26
79
30
23
3
48
70
95
69
35
43
63
31
63
11
98
42
66
20
94
17
10
48
95
34
73
64
83
100
39
85
34
54
1
49
62
35
77
97
45
58
34
76
15
10
0
52
2
67
40
63
39
57
22
96
86
46
46
10
40
90
75
17
78
75
23
32
17
32
66
73
84
17
60
18
84
11
99
31
7
35
32
68
31
17
67
10
100
9
55
24
73
50
80
74
46
51
39
21
44
52
35
3
11
33
17
10
37
58
79
95
100
29
37
163
19
68
79
99
41
59
94
44
13
57
58
66
27
13
32
62
14
35
48
81
66
98
21
12
61
79
98
52
72
35
23
26
95
81
36
70
82
26
83
4
40
59
76
93
74
58
90
81
48
15
40
40
13
59
54
87
39
6
56
70
51
21
28
93
57
37
53
40
54
58
26
88
37
67
66
97
61
20
63
24
69
95
87
19
92
69
99
73
65
53
44
36
27
59
91
94
94
65
64
12
11
40
93
77
19
20
85
74
45
33
0
89
58
85
64
49
53
27
15
44
1
80
42
98
51
63
96
31
69
1
94
64
74
83
94
50
6
61
48
30
7
77
87
52
86
40
94
31
6
37
96
29
26
87
5
12
77
81
30
89
28
87
85
189
91
73
30
37
61
57
27
47
55
69
5
14
43
98
71
52
87
46
12
44
49
100
16
27
82
88
17
62
7
37
53
2
69
0
90
64
26
76
7
99
52
24
99
66
57
38
57
24
68
48
37
70
53
99
71
13
21
18
5
6
35
22
1
97
75
76
71
32
54
52
20
10
56
48
40
48
33
70
83
30
98
50
90
75
67
32
66
63
6
36
95
4
28
21
1
18
84
22
51
87
12
65
74
22
48
52
64
53
51
75
16
36
45
91
53
23
85
97
91
56
35
94
23
75
75
76
33
95
23
47
1
45
35
7
46
86
62
59
75
14
100
2
97
44
52
44
85
34
53
85
73
88
40
35
19
53
6
6
16
65
23
81
83
91
29
54
94
40
83
55
13
2
69
76
56
59
6
42
56
10
75
8
67
17
27
68
22
87
84
