2309 2310
1577 1577
3975 3975
2604 2605
2205 2206
1610 1610
3696 3696
4879 4879
1306 1307
1934 1934
2656 2657
1687 1687
2472 2472
3442 3442
1405 1406
5154 5155
1328 1328
3948 3948
2843 2844
2922 2922
2946 2946
1700 1701
4831 4831
4655 4655
3232 3232
2977 2977
4025 4026
4421 4422
4331 4331
1261 1262
3058 3059
1602 1603
4599 4599
3043 3043
4118 4119
2934 2935
3924 3924
3981 3981
4524 4524
1101 1101
1779 1780
3515 3516
1573 1574
3867 3868
2717 2718
1661 1661
4285 4285
2236 2236
4470 4471
4726 4726
